,Name,Parameters,Memory,Inference time
0,AE_R1,455565,1.82226,0.010795956249983382
1,AE+MoE,2946193,11.784772,0.23284145312496207
2,AE+LSTM,8804909,35.219636,0.19432666979172572
3,RBF-CAT+LSTM,9099949,36.399795999999995,0.20453167812498427
4,RBF-IN+LSTM,8575661,34.302644,0.19492438229165523
5,RBF-CAT+MoE,3650833,14.603332,0.2873637317709097
6,RBF-IN+MoE,2716945,10.86778,0.20969397864589231
7,VAE-CAT+LSTM,9132845,36.53138,0.1942374989582826
8,VAE-IN+LSTM,8608557,34.434228,0.18508537708335857
9,VAE-CAT+MoE,3683729,14.734916,0.2808291567708636
10,VAE-IN+MoE,2749841,10.999364,0.20279671718751993
11,DEC-CAT+MoE,3650705,14.60282,0.28879807864584944
12,DEC-IN+MoE,2716817,10.867268,0.2138468223958796
13,AE+MoE_reduc,2946193,11.784772,0.23284145312496207
14,AE+LSTM_reduc,8804909,35.219636,0.19432666979172572
15,RBF-CAT+LSTM_reduc,9099949,36.399795999999995,0.20453167812498427
16,RBF-IN+LSTM_reduc,8575661,34.302644,0.19492438229165523
17,RBF-CAT+MoE_reduc,3650833,14.603332,0.2873637317709097
18,RBF-IN+MoE_reduc,2716945,10.86778,0.20969397864589231
19,VAE-CAT+LSTM_reduc,9132845,36.53138,0.1942374989582826
20,VAE-IN+LSTM_reduc,8608557,34.434228,0.18508537708335857
21,VAE-CAT+MoE_reduc,3683729,14.734916,0.2808291567708636
22,VAE-IN+MoE_reduc,2749841,10.999364,0.20279671718751993
23,DEC-CAT+MoE_reduc,3650705,14.60282,0.28879807864584944
24,DEC-IN+MoE_reduc,2716817,10.867268,0.2138468223958796
